1 0.74612568716201999042
2 0.38876002864630349043
3 0.25990181217640168088
4 0.19499155440416718332
5 0.15599931426945823354
6 0.12999994956366864307
7 0.11142856810899230691
8 0.09749999980494107599
9 0.08666666665642089318
10 0.07799999999951773288
11 0.07090909090907053514
12 0.06499999999999923894
13 0.05999999999999999084
14 0.05571428571428572313
15 0.05200000000000001149
16 0.04875000000000000860
17 0.04588235294117647828
18 0.04333333333333334175
19 0.04105263157894737530
20 0.03900000000000000688
21 0.03714285714285715106
22 0.03545454545454546080
23 0.03391304347826087223
24 0.03250000000000000805
25 0.03120000000000000551
26 0.03000000000000000583
27 0.02888888888888889450
28 0.02785714285714286156
29 0.02689655172413793482
30 0.02600000000000000575
31 0.02516129032258064904
32 0.02437500000000000430
33 0.02363636363636363938
34 0.02294117647058823914
35 0.02228571428571429064
36 0.02166666666666667088
37 0.02108108108108108433
38 0.02052631578947368765
39 0.02000000000000000389
