1 2.43984132906102502147
2 0.90151719266224716876
3 0.79443361006894974707
4 0.78165533678322418609
5 0.78016800398273034034
6 0.78001482828140922265
7 0.78000113861563846740
8 0.78000007646308944231
9 0.78000000451838502613
10 0.78000000023630633450
11 0.78000000001098612756
12 0.78000000000044167336
13 0.78000000000000113687
14 0.77999999999999403144
15 0.77999999999999403144
16 0.77999999999999403144
17 0.77999999999999403144
18 0.77999999999999403144
19 0.77999999999999403144
20 0.77999999999999403144
21 0.77999999999999403144
22 0.77999999999999403144
23 0.77999999999999403144
24 0.77999999999999403144
25 0.77999999999999403144
26 0.77999999999999403144
27 0.77999999999999403144
28 0.77999999999999403144
29 0.77999999999999403144
30 0.77999999999999403144
31 0.77999999999999403144
32 0.77999999999999403144
33 0.77999999999999403144
34 0.77999999999999403144
35 0.77999999999999403144
36 0.77999999999999403144
37 0.77999999999999403144
38 0.77999999999999403144
39 0.77999999999999403144
